 11 2381.033754 1.215E-30 2.641E-04.03760.183 3319.44830.490.003600          0 1 0          0 0 0 17  5 13       18  0 18      472230837260713049    35.0   37.0
 21 2381.061590 2.184E-29 2.082E-05.07060.094 2167.42810.72-.002852       0 3 3 11       1 1 1 02                    Q 24f     666663342910 9 711    49.0   49.0
 23 2381.089269 1.647E-30 7.935E-03.06630.077 2754.16740.74-.002931       2 3 3 03       0 3 3 01                    P 45e     366563243210 9 711    89.0   91.0
 23 2381.090015 1.647E-30 7.935E-03.06630.077 2754.16760.74-.002931       2 3 3 03       0 3 3 01                    P 45f     366563243210 9 711    89.0   91.0
 21 2381.096389 2.091E-29 3.254E-05.06850.088 2319.94220.74-.003062       0 3 3 11       1 1 1 02                    Q 31e     666663342910 9 711    63.0   63.0
 23 2381.106626 5.913E-30 2.315E-04.06900.088 1686.37180.74-.002570       3 0 0 04       1 0 0 01                    R 29e     366663243210 9 711    61.0   59.0
 14 2381.136412 1.278E-29 7.482E+00.02250.279 3334.23720.79-.014300          1 0 0          0 0 0 18  5 14       19  5 15      3622205041 7833348   222.0  234.0
 21 2381.176094 6.281E-30 1.387E-01.06930.090 4258.77890.73-.003075       3 0 0 12       3 0 0 03                    P 28e     566663342910 9 711    55.0   57.0
 21 2381.191122 5.944E-25 2.117E+02.05680.063 3650.18690.62-.004549       0 1 1 11       0 1 1 01                    R 87e     675553342910 9 711   177.0  175.0
 22 2381.216015 2.820E-28 1.854E-02.07700.105 1957.68920.68-.002938       1 1 1 11       1 1 1 02                    P 12f     366663243110 9 711    46.0   50.0
 14 2381.216761 9.532E-29 6.413E-04.08770.364  808.56290.79-.014790          1 0 0          0 0 0  7  1  6        8  4  5      5622205041 7833348    90.0  102.0
 11 2381.234607 3.560E-29 1.370E+00.03710.235 4585.34910.34-.018080          0 0 1          0 1 0 15  5 11       14  5 10      434233837294713152    93.0   87.0
 21 2381.260995 2.185E-29 2.881E-05.06900.089 2272.30520.73-.003004       0 3 3 11       1 1 1 02                    Q 29e     666663342910 9 711    59.0   59.0
 21 2381.277284 2.025E-29 1.758E-05.07130.095 2130.62550.71-.002787       0 3 3 11       1 1 1 02                    Q 22f     666663342910 9 711    45.0   45.0
 22 2381.330604 3.490E-30 7.909E-03.06900.089 2872.70570.73-.003085       1 2 2 11       1 2 2 02                    P 29f     366663243110 9 711   114.0  118.0
 21 2381.357146 2.422E-30 3.731E-02.06530.072 4321.64810.73-.002590       2 4 4 01       1 3 3 02                    R 52f     465553342910 9 711   107.0  105.0
 21 2381.369066 4.212E-25 2.117E+02.05670.063 3723.34700.62-.004567       0 1 1 11       0 1 1 01                    R 88f     575553342910 9 711   179.0  177.0
 11 2381.377744 9.737E-27 1.500E+00.07530.298 3162.25890.64-.010700          0 0 1          0 1 0 11  3  8       10  3  7      534426837294713152    23.0   21.0
 21 2381.415075 2.216E-29 2.525E-05.06960.091 2227.78800.73-.002945       0 3 3 11       1 1 1 02                    Q 27e     666663342910 9 711    55.0   55.0
 21 2381.439437 6.761E-30 1.993E-05.06790.085 2469.97800.74-.003058       1 1 1 11       0 3 3 01                    Q 34f     566663342910 9 711    69.0   69.0
 21 2381.474884 1.804E-29 1.460E-05.07220.097 2096.95250.71-.002720       0 3 3 11       1 1 1 02                    Q 20f     666663342910 9 711    41.0   41.0
 23 2381.474979 9.247E-28 7.444E-02.06680.080 1892.92610.75-.003233       1 0 0 11       1 0 0 02                    P 41e     366563243210 9 711    81.0   83.0
 21 2381.531308 1.102E-28 8.341E-03.06720.081 3165.57240.75-.002178       3 1 1 01       1 2 2 02                    R 38e     566663342910 9 711    79.0   77.0
 21 2381.558576 2.176E-29 2.186E-05.07020.093 2186.39130.72-.002883       0 3 3 11       1 1 1 02                    Q 25e     666663342910 9 711    51.0   51.0
 22 2381.566543 1.550E-26 4.193E-02.07220.096 1429.98450.71-.002420       1 0 0 11       1 0 0 02                    R 20e     366663243110 9 711    86.0   82.0
 21 2381.596995 5.485E-30 2.245E-05.06730.083 2554.65300.74-.003138       1 1 1 11       0 3 3 01                    Q 37e     566663342910 9 711    75.0   75.0
 14 2381.604085 1.770E-27 7.469E-01.08390.410 1630.49320.79-.004110          0 0 1          0 1 0  6  1  6        5  1  5      4622205041 7833348    78.0   66.0
 21 2381.621529 9.952E-20 2.142E+02.06530.072 1074.43060.73-.003741       0 0 0 11       0 0 0 01                    R 52e     975553342910 9 711   107.0  105.0
 21 2381.640711 3.114E-25 2.117E+02.05660.063 3787.72350.62-.004584       0 1 1 11       0 1 1 01                    R 89e     575553342910 9 711   181.0  179.0
 21 2381.654322 1.535E-29 1.187E-05.07310.099 2066.41000.70-.002650       0 3 3 11       1 1 1 02                    Q 18f     666663342910 9 711    37.0   37.0
 23 2381.675237 1.198E-29 1.095E-01.06960.091 2779.25050.73-.003064       2 0 0 12       2 0 0 03                    P 27e     366663243210 9 711    53.0   55.0
 11 2381.683751 5.063E-30 4.946E-04.06120.235 3101.44100.64-.018480          0 2 0          0 0 0 13  3 11       14  6  8      432230837260713049    27.0   29.0
 21 2381.691450 2.064E-29 1.869E-05.07090.095 2148.11590.72-.002820       0 3 3 11       1 1 1 02                    Q 23e     666663342910 9 711    47.0   47.0
 11 2381.703105 1.859E-30 2.053E-02.05410.250 4074.03860.530.020000          0 0 1          0 1 0 13  6  7       13  4 10      432230837294713152    27.0   27.0
 12 2381.737744 1.651E-29 4.287E-01.05010.281 3180.40340.470.000000         -2-2-2          0 0 0 12 -3 -3       11 11  0      1322304772917122 0    75.0   69.0
 14 2381.762764 2.978E-28 3.690E-02.04630.351 1433.57210.79-.008040          1 0 0          0 0 0  8  6  3        9  7  2      4622205041 7833348   102.0  114.0
 14 2381.763158 2.978E-28 3.690E-02.04650.351 1433.57190.79-.007940          1 0 0          0 0 0  8  6  2        9  7  3      4622205041 7833348   102.0  114.0
 21 2381.770058 1.312E-30 7.991E-03.06010.067 4172.28000.70-.004122       1 2 2 12       2 0 0 03                    R 64e     565553342910 9 711   131.0  129.0
 21 2381.800479 2.187E-25 2.117E+02.05650.063 3862.63680.61-.004602       0 1 1 11       0 1 1 01                    R 90f     575443342910 9 711   183.0  181.0
 23 2381.803927 1.893E-30 7.941E-03.06640.077 2720.89160.74-.002919       2 3 3 03       0 3 3 01                    P 44e     366563243210 9 711    87.0   89.0
 23 2381.804583 1.893E-30 7.941E-03.06640.077 2720.89180.74-.002919       2 3 3 03       0 3 3 01                    P 44f     366563243210 9 711    87.0   89.0
 21 2381.813648 1.884E-29 1.572E-05.07170.096 2112.96250.71-.002754       0 3 3 11       1 1 1 02                    Q 21e     666663342910 9 711    43.0   43.0
 21 2381.815505 4.640E-30 2.283E-02.05800.065 4154.88020.67-.003741       1 1 1 11       1 1 1 02                    P 75e     565553342910 9 711   149.0  151.0
 21 2381.815534 1.240E-29 9.408E-06.07420.101 2038.99840.69-.002576       0 3 3 11       1 1 1 02                    Q 16f     666663342910 9 711    33.0   33.0
 23 2381.865927 5.497E-30 2.322E-04.06880.088 1708.47150.74-.002613       3 0 0 04       1 0 0 01                    R 30e     366663243210 9 711    63.0   61.0
 21 2381.911030 2.983E-28 8.140E-02.06600.075 3467.25910.74-.003333       2 0 0 12       2 0 0 03                    P 48e     566563342910 9 711    95.0   97.0
 21 2381.925129 1.647E-29 1.297E-05.07260.098 2080.93170.70-.002686       0 3 3 11       1 1 1 02                    Q 19e     666663342910 9 711    39.0   39.0
 21 2381.958462 9.404E-30 7.216E-06.07550.103 2014.71830.68-.002496       0 3 3 11       1 1 1 02                    Q 14f     666663342910 9 711    29.0   29.0
 21 2381.973170 1.333E-28 7.158E-03.06770.084 3078.62740.74-.002085       3 1 1 01       1 2 2 02                    R 35f     566663342910 9 711    73.0   71.0
