 11 7179.018384 8.277E-30 8.344E-09.09400.434  285.41860.730.000000          1 0 1          0 0 0  4  0  4        3  3  0     q4222308079917122 0    27.0   21.0
 12 7179.065534 8.686E-28 7.569E-02.05590.281 1518.54230.52-.007550          2 0 0          0 0 0 10  4  7       11  1 10      544233807260713049    63.0   69.0
 13 7179.115500 4.110E-26 6.437E+00.05920.333 1250.49860.54-.012000          1 0 1          0 0 0  8  5  3        8  5  4      455253601894713159   306.0  306.0
 11 7179.122242 2.689E-28 9.533E-01.10050.434 3334.62650.75-.002960          2 2 0          0 2 0  3  2  1        3  1  2      434223817294713152    21.0   21.0
 11 7179.133884 4.453E-27 2.518E-02.04370.298 2254.28370.46-.018500          2 0 0          0 0 0 11  7  4       10  8  3      434223817260713049    69.0   63.0
 12 7179.183025 6.089E-25 1.155E+01.05460.371  880.11450.50-.011000          1 0 1          0 0 0  6  5  2        6  5  1      564543807294713159    13.0   13.0
 11 7179.186077 5.760E-23 2.128E-01.09520.391  326.62550.73-.008200          2 0 0          0 0 0  4  2  2        5  1  5      456623816360713059     9.0   11.0
 11 7179.203569 3.273E-30 9.606E-09.08330.391  610.34120.690.000000          1 2 0          0 0 0  7  4  3        5  4  1     q7222308079917122 0    45.0   33.0
 11 7179.228124 4.838E-31 1.127E+00.07160.355 4625.93690.630.000000          1 0 2          0 0 1  8  2  6        8  2  7      3333308387659336 0    17.0   17.0
 12 7179.249193 1.826E-24 1.154E+01.05460.371  880.07620.50-.008000          1 0 1          0 0 0  6  5  1        6  5  2      566643807294713159    39.0   39.0
 12 7179.260995 1.571E-28 2.937E-01.10560.480 1628.06010.76-.007570          2 1 0          0 1 0  2  0  2        1  1  1      534233807294713152     5.0    3.0
 11 7179.296160 7.380E-25 7.601E-01.03790.281 1695.06860.33-.016000          0 2 1          0 0 0 12  3 10       11  3  9      454523816794713159    25.0   23.0
 11 7179.309506 1.723E-28 3.818E-01.09980.456 3237.91730.75-.006710          2 2 0          0 2 0  3  0  3        2  1  2      434243817294713152    21.0   15.0
 11 7179.329165 1.250E-25 6.871E-02.06670.265 1774.75110.63-.006000          2 0 0          0 0 0 11  3  8       12  2 11      454223816760713059    69.0   75.0
 11 7179.342202 1.672E-30 7.045E-02.04740.250 3879.72080.470.003200          1 1 1          0 1 0 12  5  8       13  3 11      432230817294713152    25.0   27.0
 11 7179.373270 1.056E-30 4.396E-01.08640.371 4408.02880.72-.009510          0 0 3          0 0 1  5  4  2        6  3  3      332230807294713152    33.0   39.0
 12 7179.444021 1.045E-28 2.178E-01.04300.250 2238.03170.410.000000         -2-2-2          0 0 0 14 -4 -4       13  2 11      1322304772917122 0    87.0   81.0
 12 7179.472103 1.719E-29 1.368E-03.03970.281 1518.54230.36-.023970          0 0 2          0 0 0 11  0 11       11  1 10      534243807260713049    69.0   69.0
 11 7179.495272 8.106E-28 1.026E+01.10600.480 3196.09340.76-.001450          1 2 1          0 2 0  1  1  0        1  1  1      434223817294713152     3.0    3.0
 13 7179.528400 1.460E-25 1.131E+00.09620.412  275.13070.73-.006800          1 0 1          0 0 0  4  1  4        4  1  3      455253601894713159    54.0   54.0
 12 7179.538503 2.098E-29 5.639E-02.05780.250 2033.81790.57-.022350          2 0 0          0 0 0 12  3  9       13  2 12      534333807260713049    25.0   27.0
 11 7179.638755 4.817E-29 2.222E-02.06790.315 3141.04590.62-.021020          2 1 0          0 1 0 10  4  7        9  5  4      434233817294713152    63.0   57.0
 11 7179.665171 4.896E-29 3.839E-07.07340.352  586.47920.650.000000          2 0 0          0 0 0  7  1  7        7  1  7     q4322308079917122 0    15.0   15.0
 11 7179.699712 9.449E-29 6.918E-07.08360.371  542.90580.730.002120          0 4 0          0 0 0  6  6  0        6  1  5      462230818360713049    13.0   13.0
 11 7179.717076 1.172E-24 4.478E-01.04560.333 1411.64190.47-.019330          1 2 0          0 0 0  8  7  1        8  6  2      464223818394713152    17.0   17.0
 11 7179.730601 1.466E-28 3.828E-07.07340.352  586.24350.650.000000          2 0 0          0 0 0  7  0  7        7  0  7     q4322308079917122 0    45.0   45.0
 11 7179.739748 1.033E-29 5.564E-07.07910.333  982.91170.66-.000870          0 5 0          0 0 0  7  1  7        8  2  6      432230817294713152    15.0   17.0
 11 7179.747151 3.502E-24 4.458E-01.06620.333 1411.61150.47-.019350          1 2 0          0 0 0  8  7  2        8  6  3      464223818365713152    51.0   51.0
 11 7179.751732 5.708E-23 9.555E+00.04360.352 1216.18980.42-.021050          1 0 1          0 0 0  7  6  1        7  6  2      464223817294713152    15.0   15.0
 11 7179.752146 1.710E-22 9.542E+00.04360.352 1216.19450.42-.014000          1 0 1          0 0 0  7  6  2        7  6  1      466523817294713159    45.0   45.0
 11 7179.775963 5.081E-30 9.499E-03.01040.183 3319.4476-.12-.014670          0 2 1          0 0 0 18  2 17       18  0 18      362230808394713152    37.0   37.0
 13 7179.828300 3.670E-28 1.872E-01.04770.298 1290.22850.41-.014000          0 0 2          0 0 0  9  2  8       10  1  9      436253607060713059   114.0  126.0
 13 7179.885300 4.100E-27 3.708E+01.08160.434 1902.32910.67-.009100          1 1 1          0 1 0  3  3  1        3  3  0      445253606594713159   126.0  126.0
 11 7179.962015 1.075E-29 5.590E-02.03870.235 3465.06940.45-.036870          1 0 1          0 0 0 13 10  3       14  8  6      434233817294713152    27.0   29.0
 11 7180.103380 3.445E-30 1.376E-08.08870.412  383.84250.710.000000          1 0 1          0 0 0  5  0  5        4  3  1     q4222308079917122 0    11.0    9.0
 11 7180.123288 1.700E-29 1.265E+00.06170.195 4291.90970.55-.014410          2 0 0          0 0 0 17  7 10       17  6 11      434233817260713049   105.0  105.0
 11 7180.134903 1.300E-27 8.999E-01.07760.298 3224.54660.68-.000900          1 1 1          0 1 0 10  4  6       10  4  7      444223816594713152    63.0   63.0
 11 7180.143875 3.230E-29 5.594E-02.03850.235 3464.88740.45-.036690          1 0 1          0 0 0 13 10  4       14  8  7      434233817294713152    81.0   87.0
 13 7180.195500 2.810E-29 8.022E-01.07480.371 2266.15810.66-.005050          0 3 1          0 1 0  6  5  1        6  3  4      435253607094713152   234.0  234.0
 13 7180.204200 8.650E-29 1.309E+00.07180.265 2270.10710.670.005000          1 0 1          0 0 0 12  5  7       12  5  8      435253607094713152   450.0  450.0
 11 7180.221685 8.223E-28 5.183E-02.05630.315 2688.07980.48-.016830          0 1 2          0 1 0  8  2  7        9  1  8      434223817294713152    51.0   57.0
 11 7180.231230 1.011E-28 5.258E+00.09740.456 3887.11420.74-.005300          1 0 2          0 0 1  3  2  1        2  2  0      434233817294713152    21.0   15.0
 11 7180.260802 5.745E-30 3.112E+00.06750.333 4525.96410.57-.030270          0 0 3          1 0 0  7  2  6        8  2  7      332230837294713152    45.0   51.0
 13 7180.273500 5.600E-28 1.518E+01.08160.434 1902.15970.67-.009100          1 1 1          0 1 0  3  3  0        3  3  1      435253607094713159    42.0   42.0
 11 7180.274572 1.719E-29 1.071E-02.01040.183 3319.4476-.12-.013500          0 2 1          0 0 0 18  1 17       18  1 18      464233818394713152   111.0  111.0
 11 7180.323070 6.641E-26 3.551E-04.08710.352  704.21410.71-.000120          1 0 1          0 0 0  6  3  3        7  1  6      464223817294713152    39.0   45.0
 11 7180.328552 3.630E-25 8.509E-01.04780.298 2054.34520.47-.015200          0 0 2          0 0 0 10  6  5       10  7  4      454223816560713049    63.0   63.0
 12 7180.370842 6.034E-29 2.010E-02.05130.315 1794.38010.51-.014900          2 0 0          0 0 0 10  6  5        9  7  2      534233807260713049    63.0   57.0
 11 7180.391975 4.918E-29 1.260E-07.07810.371  552.91140.670.000000          2 0 0          0 0 0  6  2  5        6  2  5     q4322308079917122 0    39.0   39.0
 11 7180.396906 2.802E-29 1.465E-02.06620.333 2920.13200.59-.016150          2 1 0          0 1 0  9  4  6        8  5  3      434243817294713152    19.0   17.0
 11 7180.399332 5.560E-22 5.371E-01.09750.412  224.83840.74-.005400          2 0 0          0 0 0  3  2  1        4  1  4      456623816360713059    21.0   27.0
 12 7180.426206 4.316E-27 1.360E+01.09580.456 1735.43770.73-.008500          1 1 1          0 1 0  2  2  1        2  2  0      544643807294713159     5.0    5.0
 13 7180.489400 1.480E-25 1.080E+00.10010.490  141.90250.74-.003310          2 0 0          0 0 0  2  2  0        3  1  3      453354601882623034    30.0   42.0
 11 7180.491349 2.392E-28 4.722E-02.03690.281 2740.42090.53-.026630          1 2 0          0 0 0 10 10  0       11  9  3      464233818394713152    21.0   23.0
 11 7180.491349 7.177E-28 4.723E-02.03690.281 2740.42090.53-.026640          1 2 0          0 0 0 10 10  1       11  9  2      464223818394713152    63.0   69.0
 11 7180.500319 8.070E-25 5.229E+00.08610.391 2130.49430.71-.011670          1 1 1          0 1 0  5  3  3        5  3  2      454223816594713152    33.0   33.0
 13 7180.522900 2.480E-28 3.356E+00.10330.456 1689.99310.75-.009400          1 1 1          0 1 0  2  1  2        2  1  1      435253607094713159    30.0   30.0
 12 7180.544463 1.065E-29 2.417E-04.07410.315 1198.19950.66-.000940          2 0 0          0 0 0  8  5  4        9  2  7      534233807260713049    51.0   57.0
 11 7180.612755 2.950E-23 4.625E+00.06110.315 1477.29740.56-.018000          1 0 1          0 0 0  9  5  5        9  5  4      454523816394713159    57.0   57.0
 12 7180.622002 1.438E-28 1.269E-03.06730.371  752.18740.60-.017110          1 2 0          0 0 0  7  5  3        6  4  2      534233807294713152    15.0   13.0
 12 7180.654831 1.198E-28 2.498E-01.03810.250 2238.03170.41-.022630          0 0 2          0 0 0 14  1 14       13  2 11      534233807260713049    87.0   81.0
 13 7180.659600 1.150E-29 4.157E-02.05150.265 1958.35800.490.002910          1 0 1          0 0 0 11  5  7       12  3 10      435253607094713152   414.0  450.0
 13 7180.664900 4.520E-26 1.096E+00.08630.460  840.86510.72-.009700          1 0 1          0 0 0  7  3  5        7  3  4      453354601882623134   270.0  270.0
 11 7180.720079 8.787E-30 7.605E-08.08560.371  542.90580.710.004010          0 2 1          0 0 0  5  5  0        6  1  5      462230818394713152    11.0   13.0
 11 7180.728820 1.520E-25 8.892E-05.09390.434  173.36580.740.002000          1 2 0          0 0 0  4  4  1        3  1  2      454223796594713159    27.0   21.0
 13 7180.859400 2.380E-29 1.190E+00.07930.391 2120.97280.70-.005930          0 3 1          0 1 0  5  5  0        5  3  3      435253607094713152    66.0   66.0
 13 7180.861800 1.510E-28 3.504E-03.08910.371  541.99700.720.000540          1 0 1          0 0 0  5  3  2        6  1  5      435253607094713152    66.0   78.0
 12 7180.888859 6.170E-29 6.873E-05.09280.412  221.23400.730.007460          0 2 1          0 0 0  4  4  1        4  0  4      534233807294713152     9.0    9.0
 12 7180.973620 2.249E-24 2.029E+00.08600.391  445.15850.70-.008000          1 0 1          0 0 0  5  2  4        5  2  3      575683807279711559    33.0   33.0
 11 7180.976834 6.601E-30 2.130E-03.07790.315 2841.43070.680.010590          1 3 0          0 1 0 10  4  6        9  3  7      432230817294713152    21.0   19.0
 11 7181.024191 3.010E-24 9.100E-03.09510.434  285.21930.73-.010000          1 0 1          0 0 0  4  1  4        3  3  1      454223816794713159     9.0    7.0
 13 7181.068200 8.700E-28 1.532E-02.09060.412  485.23740.730.000000          1 0 1          0 0 0  5  2  3        4  4  0      435253607094713159    66.0   54.0
 11 7181.082627 1.184E-25 8.329E-01.04830.298 2054.36870.48-.013450          0 0 2          0 0 0 10  6  4       10  7  3      464223817260713049    21.0   21.0
 11 7181.095380 4.780E-23 2.668E+00.04630.352 1216.19450.53-.017000          1 2 0          0 0 0  7  7  0        7  6  1      464223818394713159    45.0   45.0
 11 7181.099527 1.582E-23 2.650E+00.04620.352 1216.18980.52-.026520          1 2 0          0 0 0  7  7  1        7  6  2      464223818394713152    15.0   15.0
 11 7181.112150 3.021E-24 6.625E-01.05830.315 1340.88490.52-.017720          0 2 1          0 0 0 10  4  7        9  4  6      464223818394713152    21.0   19.0
 11 7181.122607 1.118E-28 2.038E-03.07940.352 2181.08980.680.004270          1 3 0          0 1 0  7  4  4        7  1  7      434233817294713152    15.0   15.0
 13 7181.124200 1.110E-29 1.427E-03.06120.352 1209.81830.59-.011120          2 0 0          0 0 0  8  5  4        7  6  1      436253607060713049   306.0  270.0
 12 7181.126173 1.013E-29 1.300E-01.05290.315 2501.95930.45-.021120          0 1 2          0 1 0  8  1  8        9  0  9      334283807294713152    51.0   57.0
 13 7181.130000 1.100E-27 1.876E-01.04910.298 1290.79870.43-.025000          0 0 2          0 0 0  9  1  8       10  2  9      436253607060713059   342.0  378.0
 11 7181.155402 1.500E-20 1.322E+01.09970.434  136.76170.76-.014000          1 0 1          0 0 0  2  0  2        3  0  3      455523816367713159    15.0   21.0
 12 7181.187807 2.711E-28 8.582E-04.08920.371  541.18010.720.006570          0 2 1          0 0 0  7  3  4        6  1  5      544233807294713152    15.0   13.0
 11 7181.250151 1.862E-30 3.147E+00.05560.315 4559.75200.48-.040000          0 0 3          1 0 0  8  1  8        9  1  9      432230817294713152    17.0   19.0
 11 7181.256168 3.044E-30 2.983E-08.07810.371  602.77350.670.000000          2 0 0          0 0 0  6  2  4        6  2  4     q7222308079917122 0    13.0   13.0
 11 7181.301007 5.596E-30 3.152E+00.05580.315 4559.70760.48-.040000          0 0 3          1 0 0  8  0  8        9  0  9      432230817294713152    51.0   57.0
 11 7181.318161 3.831E-25 2.001E-01.07010.298 1538.14950.63-.011790          1 0 1          0 0 0 11  1 10       10  3  7      464223817294713152    23.0   21.0
 13 7181.334800 1.540E-26 4.010E+00.07600.385 1128.93840.69-.015860          1 0 1          0 0 0  8  4  5        8  4  4      453354601882623134   102.0  102.0
 11 7181.351919 3.927E-29 2.255E-02.01280.195 3291.1485-.06-.016070          0 2 1          0 0 0 17  3 15       17  1 16      464233818394713152   105.0  105.0
 11 7181.461591 1.620E-29 3.560E-02.01730.195 3567.17380.07-.013650          0 2 1          0 0 0 17  4 14       17  2 15      464233818394713152   105.0  105.0
 11 7181.497599 2.816E-29 1.183E+00.06360.195 4174.28700.57-.001260          2 0 0          0 0 0 17  6 11       17  5 12      434233817260713049   105.0  105.0
 11 7181.520860 8.510E-25 5.769E-03.08200.352  782.40980.700.000000          1 2 0          0 0 0  7  5  2        7  2  5      454223796794713159    45.0   45.0
 11 7181.598278 8.785E-29 6.417E-03.06880.265 2813.51210.66-.004850          0 0 2          0 0 0 13  5  8       12  8  5      434233817260713049    81.0   75.0
 11 7181.620137 1.132E-29 1.323E-07.06460.315  920.16840.600.000000          1 0 1          0 0 0  8  1  7        9  0  9     q7322308079917122 0    51.0   57.0
 11 7181.640630 1.377E-30 1.362E-05.08770.391 2251.86240.71-.011400          0 1 2          0 1 0  6  1  6        5  4  1      432230807294713152    39.0   33.0
 11 7181.673096 2.837E-29 1.018E+00.09080.352 3967.48860.73-.004410          2 2 0          0 2 0  7  3  4        7  2  5      434223817294713152    45.0   45.0
 12 7181.784556 7.010E-27 8.492E-03.08230.391  505.72870.72-.005000          0 2 1          0 0 0  5  5  1        5  3  2      544243806594713159    33.0   33.0
 11 7181.788311 2.560E-28 9.188E-03.08040.352 2572.13910.70-.016110          2 1 0          0 1 0  8  3  6        7  4  3      434223817294713152    51.0   45.0
 13 7181.854600 7.510E-29 6.869E-01.03190.265 1956.23530.26-.010000          0 2 1          0 0 0 13  2 11       12  2 10      435253607094713159   162.0  150.0
 11 7181.884955 3.466E-28 8.814E-02.04500.235 3084.83570.43-.024650          0 0 2          0 0 0 14  5 10       14  6  9      434223817260713049    87.0   87.0
 13 7181.891500 2.370E-28 7.300E-01.03130.265 1958.35800.26-.016210          0 2 1          0 0 0 13  3 11       12  3 10      435253607094713152   486.0  450.0
 13 7181.909200 4.200E-27 5.890E-01.05780.333 1250.49860.53-.018000          0 2 1          0 0 0  9  5  5        8  5  4      435253607094713159   342.0  306.0
 12 7181.915024 4.587E-28 1.343E-03.08040.371  751.03290.57-.014000          1 2 0          0 0 0  7  5  2        6  4  3      544243807265713159    45.0   39.0
 11 7181.934849 4.983E-31 6.165E+00.08870.428 4717.47420.740.000000          1 3 1          0 3 0  2  1  2        1  1  1      3333308387659336 0     5.0    3.0
 11 7181.936501 2.307E-30 7.734E-03.05940.221 3629.09650.55-.006630          0 0 2          0 0 0 15  6  9       15  7  8      432230817260713049    93.0   93.0
